,Plate,Column,Row,slope,slope stderr,int,int stderr,RSQ
0,plate01,2,A,0.0019004676928721471,0.00013215131935292353,0.00022670137884174237,0.00026522198908183873,0.9323754853796453
1,plate01,2,B,0.003795698822460368,0.00012880105700679816,-0.0002880908895116665,0.00025849816282405916,0.9830210972713852
2,plate01,2,C,0.006212693802752203,0.00012355603662137318,0.00033058659639372147,0.00024797160566025734,0.9941021984303517
3,plate01,2,D,0.008505196328927976,0.00015774655215059085,-4.6732587276340994e-05,0.00031659068204729126,0.9948665756943716
4,plate01,2,E,0.012680172941180769,0.00013474969469489713,-3.761763730397861e-06,0.00027044069821099986,0.9983087615478144
5,plate01,2,F,0.01568676879622669,0.00010337828503077563,0.00022420454378749996,0.0002074757653225321,0.9993489704442764
6,plate01,2,G,0.019833150773592878,0.00014451651311595426,-0.0004301064867922394,0.00029003832592328457,0.9992042132938119
7,plate01,2,H,0.02442134213713781,0.0001590503478968167,-5.882180134180916e-05,0.00031920743377898475,0.9993641603131067
8,plate01,3,A,0.0004158868763843552,0.00010100378192800793,0.0002933560989799158,0.00020271021715507692,0.5305769027881562
9,plate01,3,B,0.0013131429027364956,0.00010741080234023478,-0.00023385440196743829,0.00021556882454087906,0.9087930095071688
10,plate01,3,C,0.0021363754210106637,0.0001522293348667761,0.00038991689591152647,0.00030551767165220634,0.9292289669612401
11,plate01,3,D,0.003042569656741063,0.00018305672733310977,0.00024839010007565417,0.0003673869089731724,0.9484986916222886
12,plate01,3,E,0.005477409156863915,0.00014083674266904888,0.0002927993537049288,0.0002826532477870375,0.9901805481529722
13,plate01,3,F,0.007945378469750457,0.00014750854632392598,0.0001612581864902612,0.0002960431944412642,0.9948565290728183
14,plate01,3,G,0.011941931521478629,0.00012098770187876926,0.00022163647768992013,0.0002428171061940697,0.9984627088078708
15,plate01,3,H,0.0176534429386234,0.0001807444937047527,0.0001330672242485394,0.0003627466636471959,0.9984300648620457
16,plate01,4,A,0.0006892873511652307,0.00011911836208731347,2.939298978496824e-05,0.0002390653723209388,0.690622450335855
17,plate01,4,B,0.0011646248312276908,0.00016952256793363523,9.539634440007324e-05,0.0003402244359244145,0.7588319807503809
18,plate01,4,C,0.002261851409765499,0.00012252782599853627,-0.00027176017092113354,0.0002459080326772672,0.9578376830119735
19,plate01,4,D,0.002806875982535891,0.00015510651849555738,0.00020594683215274592,0.0003112920425928712,0.9562019820866231
20,plate01,4,E,0.00452502989798364,0.00015138971189576715,-0.0002095651076738921,0.00030383258291059824,0.9834876086836808
21,plate01,4,F,0.005556703497855352,0.0001477239909030351,0.00018448362325848414,0.00029647566411571054,0.9895099158433143
22,plate01,4,G,0.007358213218178774,0.0001518328137162228,4.1798121731359214e-05,0.0003047222020588681,0.993653799915526
23,plate01,4,H,0.01023386389078543,0.0001184968131202492,0.0004855390534086552,0.00023781796934469314,0.9979929747884206
24,plate01,5,A,0.0003700622024095582,0.00011412872755421989,0.00026668066772444777,0.00022905141601569637,0.4120827526465074
25,plate01,5,B,0.0010241904684702968,0.00014355102338255767,6.829738328954114e-05,0.00028810067595456945,0.7723950453811594
26,plate01,5,C,0.0018553876338175128,0.00014804981199931588,0.0001741490283351157,0.0002971295542083293,0.9128189255398584
27,plate01,5,D,0.0028339473468039817,0.00014754562109884023,1.9727195843960955e-05,0.00029611784062672305,0.9609291693612252
28,plate01,5,E,0.00533029268524508,0.00016171928427580223,-1.03077512787009e-05,0.00032456414571345183,0.9863805171471268
29,plate01,5,F,0.007997843190434062,0.00010602702771618615,-2.1634088108270408e-05,0.0002127914264203076,0.997370748732433
30,plate01,5,G,0.012545117291333938,0.00010735205358497164,0.0002249017204689047,0.00021545086366512147,0.9989028010272148
31,plate01,5,H,0.02036750475235854,0.00018850025971213914,0.00030976351743765626,0.0003783117869182728,0.9987168382649871
32,plate01,6,A,0.0031700233499523923,0.0001301920787720025,0.0001666401288956354,0.00026128986096240873,0.975323480003908
33,plate01,6,B,0.005330299339752289,0.00013469270946640878,8.515061634943064e-05,0.0002703223954788699,0.9905128374148305
34,plate01,6,C,0.00826441172845741,0.00016398904840064834,0.00016988703877458936,0.0003291189728883459,0.9941286274457548
35,plate01,6,D,0.01013859736226094,0.00011096187673470595,0.00011519624321900392,0.00022269564076207125,0.9982064940287371
36,plate01,6,E,0.013022215546986026,0.00011947766751180035,0.00047856518370356475,0.00023978646489318634,0.9987389079439605
37,plate01,6,F,0.014715373708520604,0.00013723133384844206,0.00031340868797914104,0.00027541730443488585,0.9986971661891672
38,plate01,6,G,0.016853601669574145,0.00015254895617504254,0.0001686351037872184,0.0003061591900437285,0.9987725865006698
39,plate01,6,H,0.02031999006033991,0.00013696750855769746,-2.430202440861784e-05,0.0002748887596642358,0.9993189402867859
40,plate01,7,A,0.00012744281198804632,0.0001617705749395625,0.0002102941149210253,0.0003246665359010136,0.039731338603132715
41,plate01,7,B,0.00042235629527735056,9.691789062106989e-05,0.00026227184439561935,0.00019451000758919303,0.5587079773179895
42,plate01,7,C,0.0011320017329133473,0.00017856116785316603,-0.00029058223586531193,0.00035836453437417535,0.7282126084110221
43,plate01,7,D,0.001763216693413732,0.00020057928028789068,-0.00041011192289869264,0.00040255392682465066,0.8374424992397782
44,plate01,7,E,0.002786426745203767,0.0001603817271728401,0.0005204375117482449,0.0003218791817829773,0.9526583990241265
45,plate01,7,F,0.004638859600562749,0.00015578506116818299,-0.0005064904218081878,0.00031265386809111654,0.9833645344764022
46,plate01,7,G,0.008060664457522959,0.00018505202734693876,-0.00020804288793194962,0.00037139136456592085,0.9921563711338219
47,plate01,7,H,0.015008489523284946,0.0001512787791892353,0.00021690628205279385,0.00030360985438197374,0.9984783609677019
48,plate01,8,A,0.00028572862380374386,9.421997230545654e-05,4.544799771398323e-05,0.0001890954074277452,0.3800750732309357
49,plate01,8,B,0.0006094844202049199,0.0001317178125829172,-1.4126596148411608e-06,0.0002643524528725602,0.5880355118903864
50,plate01,8,C,0.0011731561964136688,0.00015028380903412886,0.0002160947562100668,0.00030161308692164545,0.8024701273704145
51,plate01,8,D,0.0019177162364592281,0.00011551002686338532,0.00011261989304649832,0.00023182360898504854,0.948388322382538
52,plate01,8,E,0.0038065248181473736,0.0001593878173679124,-0.00038370347101171693,0.00031988445638676295,0.9743746301262943
53,plate01,8,F,0.005557032885969342,0.00013081678253391583,4.005623782315657e-05,0.0002625436725092933,0.9917560168415399
54,plate01,8,G,0.00945682127599887,0.0001756212675170911,-0.00044286757426735286,0.00035246425875571383,0.9948534740600689
55,plate01,8,H,0.01639811228715426,0.00016556440092794882,0.0001809431787593447,0.0003322804921393906,0.9984732317282573
56,plate01,9,A,0.004955066859170179,0.00012191464544325873,0.0009741430107993218,0.0002446774212800159,0.9910013312665896
57,plate01,9,B,0.009224399779907867,0.0001914228531706232,0.0015726548287525077,0.000384177372230445,0.9935819032708262
58,plate01,9,C,0.016036685053589305,0.0001779238023081777,0.0014936845255754203,0.00035708536821562367,0.9981569844120078
59,plate01,9,D,0.02064370186772017,0.000207655988331213,0.0019369261314435393,0.0004167565754318947,0.9984845331779227
60,plate01,9,E,0.029379529994588663,0.00018884049823648296,0.001089893430174792,0.0003789947667038757,0.9993806688492035
61,plate01,9,F,0.035065203260036946,0.00018026238353763187,0.00038193000821892814,0.0003617788821619509,0.9996037431246838
62,plate01,9,G,0.041147212858204864,0.00016565974012521092,-0.000359128417306276,0.00033247195453610726,0.9997569256449336
63,plate01,9,H,0.046668823869940576,0.0001621809632282595,0.00014957443915927365,0.00032549018364104226,0.9998188828457274
64,plate01,10,A,0.0012207137540527929,0.00012040824501139488,-0.000165734445814452,0.00024165414166892838,0.872645585258818
65,plate01,10,B,0.0016547423350010734,0.00014398631927519122,0.0007565085670782089,0.0002889743135416228,0.8980107235110713
66,plate01,10,C,0.003879306173594486,0.00011877504402623786,-0.00010878444434577759,0.00023837641464597085,0.9861334105819086
67,plate01,10,D,0.005348389820457121,0.0001292167954854583,0.00015774908622428988,0.0002593325156653862,0.9913204512394646
68,plate01,10,E,0.009322654560747635,0.00012887336377224588,-0.0001124220236901813,0.00025864314616888616,0.9971417879937805
69,plate01,10,F,0.012937534733346289,0.00011138896470948227,0.00023387381700072852,0.00022355287585464864,0.9988893167877415
70,plate01,10,G,0.018513861773659088,0.00013563273402781288,0.00044138059995068023,0.0002722091053340975,0.99919559062983
71,plate01,10,H,0.026059851429074677,0.00013669604023239175,0.0004919182215823026,0.0002743430701608896,0.9995874461164685
72,plate01,11,A,0.00024801204650948044,0.00018371599554990316,0.00023566520832422568,0.0003687100482903019,0.10833351119907386
73,plate01,11,B,0.0008499601014634591,0.0001293020904923462,-0.00032775920557075606,0.000259503695549124,0.7423130785336562
74,plate01,11,C,0.0010720155454061137,0.00014342780196572742,5.629361588316607e-05,0.00028785336541576635,0.7883282870056538
75,plate01,11,D,0.0016840369957184023,0.00011660213876133962,1.1842343150160465e-05,0.00023401530957095664,0.9329125534582947
76,plate01,11,E,0.0024671184722128625,0.00012379853594496755,0.0002815481570215418,0.00024845830687409754,0.9636050315650688
77,plate01,11,F,0.003560170579371212,0.0001343114126255295,-0.0005358139089655268,0.0002695571817479576,0.9790973514720378
78,plate01,11,G,0.004673613671991793,0.0001243350170580138,-5.5206896216702406e-05,0.00024953507724756463,0.9894952306353183
79,plate01,11,H,0.007298455919090589,0.00012056660467683361,-3.0175040307178315e-05,0.00024197177058848487,0.9959232971762766
80,plate01,12,A,0.0014457931886381256,0.0001627290628478501,-0.0001605433076019344,0.0003265901961744256,0.8403189516886393
81,plate01,12,B,0.002557650106297185,0.00012128827465930637,1.3218765037180574e-05,0.00024342016379751052,0.967368356140708
82,plate01,12,C,0.004259853597258966,0.0001440254721964775,-0.00022199159485788845,0.0002890529173722936,0.9831423454767775
83,plate01,12,D,0.005466166249217198,9.191314286069017e-05,5.888206306490464e-05,0.00018446569705801475,0.9957767950107824
84,plate01,12,E,0.0075096107152857715,0.00018017735315913692,0.0007234684021581367,0.000361608141684418,0.9914390328473196
85,plate01,12,F,0.00971247778049838,0.00017638043603968026,-4.6282057928985266e-05,0.0003539880520938443,0.9950774640432406
86,plate01,12,G,0.011834408430719265,0.00010275596033735197,0.00028635249645633825,0.00020622678330779095,0.998870408688561
87,plate01,12,H,0.015427852162946119,0.00018243963818728658,-0.00022222755290556012,0.0003661485221637088,0.9979068094649995
88,plate02,2,A,0.0018154955504727029,0.00011964587900565942,-5.46205804199486e-05,0.0002401240590977851,0.9388373128223366
89,plate02,2,B,0.0032826573922085157,0.00016003049791842177,-9.91519576687551e-05,0.0003211743179894458,0.9655782213728406
90,plate02,2,C,0.005718275889087848,0.00019006734831436138,0.00021114681937572683,0.00038145693906207296,0.9836981175603929
91,plate02,2,D,0.0074271629412329425,0.000138154086468471,0.0006860360377348563,0.0002772692802224318,0.9948367320562556
92,plate02,2,E,0.011332312496548848,9.301736147439011e-05,0.00030016568522468013,0.0001866818082308957,0.9989904138078555
93,plate02,2,F,0.014126191862855228,0.00013062286211537575,0.0001772339709894524,0.000262154315727937,0.9987190806472342
94,plate02,2,G,0.017600582258915292,0.00014167095129954762,0.0002810972486415291,0.0002843275123334984,0.9990290934381552
95,plate02,2,H,0.0224993074219082,0.00010736175425858138,7.2989050829974644e-06,0.00021547221162342524,0.9996585533226168
96,plate02,3,A,0.00026550212358269023,0.0001057096176291652,-6.0628510912885074e-05,0.00021215462054657367,0.29604640028689044
97,plate02,3,B,0.0003282466665369932,0.00013020212587124306,-0.00026358375985844625,0.0002613100294405366,0.29761192894622734
98,plate02,3,C,0.00014706765978503687,0.00016121249207510827,0.0004527260157561941,0.00032354648977051827,0.05256482844349153
99,plate02,3,D,0.0005870498884517795,0.00012254255735302198,6.345388447903465e-05,0.0002459376136771579,0.6047394330336104
100,plate02,3,E,0.0012685115007129654,9.52823633094814e-05,-0.00021919987988906637,0.00019122757469112683,0.9219728785396458
101,plate02,3,F,0.001918958159114343,0.0001254289847599624,0.00021316652953091246,0.00025173053832257204,0.9397746007857992
102,plate02,3,G,0.0038578743741190576,0.0001503353599006489,-0.0004003747433562969,0.00030171656564775286,0.9777291911054479
103,plate02,3,H,0.007865102525323908,0.00016369351721382095,2.8438432616573195e-06,0.00032853036518804484,0.9935443090179815
104,plate02,4,A,0.0026487275544012745,0.00013550786094960725,0.0006386534289635199,0.0002719584091344002,0.962223506208111
105,plate02,4,B,0.005271877431098746,0.0001604076711046379,0.0002280821359708638,0.0003219312136747644,0.9863031352844851
106,plate02,4,C,0.009113645147842882,0.00016446889379921454,0.00048782479251701077,0.00033008192337879153,0.9951386375168808
107,plate02,4,D,0.012036862419179997,0.00012680071078616288,0.0009093005306183646,0.0002544835267974923,0.9983381733909077
108,plate02,4,E,0.018443962834497354,0.0001519341123655049,0.00017611825513064213,0.00030492518048467874,0.9989831625349017
109,plate02,4,F,0.023095933034522852,0.00010786427269061431,0.00025994439859001556,0.00021647887395140531,0.999672935356781
110,plate02,4,G,0.028699435616566796,0.0001546079050872769,5.851113470206204e-05,0.0003102917767348228,0.999564868049762
111,plate02,4,H,0.0348720647823841,0.00020479382368121567,-0.0002351554772575127,0.0004110125250502483,0.999482933722813
112,plate02,5,A,0.00037694899269265697,0.0001429918768707452,0.0004578871031957386,0.00028697850546986027,0.3166075969789298
113,plate02,5,B,0.0011383779585572198,0.00011699154417273242,-0.00027623681393480824,0.00023479695945681557,0.8632400811958958
114,plate02,5,C,0.0017179452278470336,8.330577826127411e-05,-0.0004898805244887351,0.00016719109037737726,0.9659302722590196
115,plate02,5,D,0.002141991162475766,0.0001402314454659347,-0.00020090814056873067,0.00028143845035074336,0.9395930899497721
116,plate02,5,E,0.0031324609314248345,0.00016605940014092978,4.70935376643646e-05,0.0003332741033102076,0.9595503570574808
117,plate02,5,F,0.003960754912214639,8.077642677533109e-05,0.00024571480296157496,0.00016211478305995175,0.9937998326761662
118,plate02,5,G,0.005489527270471959,0.0001701443695278276,0.00034558256613913415,0.00034147237781899023,0.9857949440016055
119,plate02,5,H,0.008611258237075965,9.864655739764859e-05,-0.0006705932578925367,0.00019797938074928058,0.9980354278056038
120,plate02,6,A,0.0004571123529962791,0.00010424131881863693,-5.861298791398384e-05,0.0002092078155000252,0.5617803955150874
121,plate02,6,B,0.0008940409197139037,0.00011320079721083494,4.6172170549244464e-05,0.00022718911385959301,0.8061408254336269
122,plate02,6,C,0.0017444185601524966,0.0001245043907290211,7.792392546677049e-05,0.0002498749527688839,0.9290126532762912
123,plate02,6,D,0.002607281946769884,0.0001254932037362398,8.934376856120096e-05,0.00025185944075629415,0.9664169460105263
124,plate02,6,E,0.004347548705155457,9.627763250567331e-05,0.00042917350037763915,0.00019322503802773525,0.9926975248154339
125,plate02,6,F,0.006646792209643083,0.00012905703938501055,0.00021731925618416755,0.000259011896095563,0.9943768292841973
126,plate02,6,G,0.010344989567996874,0.00011091929480814552,0.0005173358982805401,0.00022261024432251557,0.9982785388335909
127,plate02,6,H,0.01680128492525279,0.00012428339195457949,-2.8861852046535574e-05,0.00024943192828017424,0.9991798733087133
128,plate02,7,A,0.0006596562518333929,0.00010376497055336704,-0.0002001003785157675,0.00020825179852615428,0.7293112028506834
129,plate02,7,B,0.0011252617926483398,0.00011067098740548523,-3.643672244183031e-05,0.0002221118561089454,0.8732902435258891
130,plate02,7,C,0.0020855183214385864,0.00010738740955150722,-5.838526732028032e-05,0.00021552184478342292,0.9617499483963106
131,plate02,7,D,0.002830243397619383,0.00014228271701099783,8.051786463417848e-05,0.00028555523176369244,0.9634751633796904
132,plate02,7,E,0.005132992995432333,0.00012814980140040335,0.00014647101831532656,0.0002571911232483036,0.9907371584259365
133,plate02,7,F,0.007409043875470265,0.0001280300474531167,-0.0001926276761719799,0.0002569507360180783,0.9955408765458608
134,plate02,7,G,0.011187627479581304,0.00021257057799647198,-0.00045022268565355966,0.00042661991840494166,0.9946138793008795
135,plate02,7,H,0.016851667847558215,0.00010954904063564504,-0.00047199600339251817,0.0002198602067393966,0.9993664982216621
136,plate02,8,A,0.0005207805036097548,0.00012976688322587996,0.00034668435349116406,0.00026043651592116046,0.5177744617854916
137,plate02,8,B,0.0012228429135376629,0.00011279009387902562,-8.266147629945836e-05,0.00022636484383768197,0.8868297913115015
138,plate02,8,C,0.0024118826174745964,0.00014006965786257742,-0.0008118673835202491,0.00028111374277037997,0.9518458525660615
139,plate02,8,D,0.002739457755711062,0.0001419559161989813,8.64894260769807e-05,0.0002848993530499365,0.961281424140534
140,plate02,8,E,0.004060675372211482,0.00011868007954462559,0.00017364300125363494,0.00023818576517323342,0.9873491150441652
141,plate02,8,F,0.005175342558502934,0.00010810962038016308,0.00040441755759641453,0.00021697133042425707,0.9934970811465821
142,plate02,8,G,0.0068246449656856915,0.000123498349604202,0.00013307590668798725,0.0002478558699102355,0.9951120577806648
143,plate02,8,H,0.009978842868480052,0.00010447699933011509,-7.309386364223272e-05,0.0002096807662814055,0.9983584324275524
144,plate02,9,A,0.0020566748003430268,0.00013840268124961096,-4.043429482333982e-05,0.00027776813386067457,0.9363927780176463
145,plate02,9,B,0.003855846823714099,0.00013461879564246058,-0.00013695164439395943,0.0002701740979146967,0.9820446308138092
146,plate02,9,C,0.00616384790388802,0.00015056799700817916,-9.592069915020929e-05,0.00030218342108814464,0.991128783695518
147,plate02,9,D,0.007596816862550518,0.000154672800345622,0.00015070637743117425,0.000310421561412971,0.9938203610097966
148,plate02,9,E,0.0104658367021459,0.00018279055697714952,0.000313662804839144,0.0003668527194520482,0.995445214124745
149,plate02,9,F,0.012213979725049007,0.00013378148428837337,0.0003868172834901908,0.00026849359649024616,0.9982036628975551
150,plate02,9,G,0.014722466597815509,0.00016996404543689013,-5.948275439315864e-06,0.0003411071613122284,0.9980048902066606
151,plate02,9,H,0.018028111659404548,0.0001454540646555981,0.00011463793692521816,0.00029192023076756146,0.9990245182659101
152,plate02,10,A,0.0018249792842009302,6.924115005717577e-05,0.00026487474635315263,0.00013896398627735132,0.9788638386050188
153,plate02,10,B,0.0032525795334909656,0.00011185026945076005,0.0007755796326481553,0.00022447864567004533,0.9825709638397878
154,plate02,10,C,0.006347798944186047,0.00012187302792989474,0.0003121264980088116,0.0002445938834997759,0.9945012330634299
155,plate02,10,D,0.008424825306153558,0.00012550122735250767,0.00011085115783011717,0.00025187548856907765,0.996682414011758
156,plate02,10,E,0.012671142664197358,0.0001431054159407341,-0.00015250022509511873,0.0002872062617229018,0.9980904077227053
157,plate02,10,F,0.01582387976281908,0.0001499099082820919,0.00020530231653187738,0.0003008627679185784,0.9986555569994018
158,plate02,10,G,0.01968647369949682,0.0001595108373817584,0.00013303969885880112,0.00032013125797081325,0.9990161991747113
159,plate02,10,H,0.02424435648415368,0.00014086991770304025,0.0004027141844790194,0.0002827198757531274,0.9994938410280421
160,plate02,11,A,0.0019336138870851432,0.0001178317539554035,6.574446982308727e-05,0.0002364832026432213,0.9472363980514825
161,plate02,11,B,0.0036638780456727444,0.000127726054395845,2.252420664699398e-05,0.0002563404239431903,0.9820972129242493
162,plate02,11,C,0.006115759958171272,0.00014619225282179276,0.0008961240817181809,0.00029340152693760894,0.9915016882053768
163,plate02,11,D,0.008551623590874247,0.00014407120361120045,1.538489931751652e-05,0.0002891439257917456,0.9957606536283916
164,plate02,11,E,0.012594998273197811,0.00012621709774085808,0.00028109930361114516,0.00025331221581010926,0.9984958984368548
165,plate02,11,F,0.01562089336590816,0.0001793881221971147,0.00036085976355695805,0.0003600241766983828,0.9980257222804663
166,plate02,11,G,0.01976057910189798,0.00010917145608343454,-7.76451710021301e-05,0.0002191021496188151,0.9995423747308806
167,plate02,11,H,0.024820420319505845,0.00010516866575500178,-0.0004922376627454662,0.0002110689911004464,0.9997307665145402
168,plate02,12,A,0.005610052842000122,0.00013202840231631762,0.0009902048949555894,0.00026497529020211064,0.9917605368040517
169,plate02,12,B,0.010217445252624411,0.0001403444164088299,0.002184287282084507,0.0002816651739286561,0.9971779184393742
170,plate02,12,C,0.018039013771429694,0.00025067631314821544,0.001991062201460049,0.0005030964909226047,0.9971117416396125
171,plate02,12,D,0.023407113337910443,0.00020864915597286802,0.002721205817978335,0.0004187498308384359,0.9988095489812188
172,plate02,12,E,0.033289132605988314,0.00022591614410614043,0.0018439767467025917,0.00045340392719453134,0.9993096315990475
173,plate02,12,F,0.04023582205822854,0.0001490168141201147,0.00035706672936995756,0.00029907035279613277,0.9997942940570805
174,plate02,12,G,0.04658928322759442,0.0001584486294258853,0.0004348122308948744,0.0003179995594605022,0.999826531246164
175,plate02,12,H,0.05303366156534506,0.00021653723107195572,3.646270170321042e-05,0.0004345772395441983,0.9997500025199679
176,plate03,2,A,0.0004795503304919804,0.0001338603445845636,0.00023372746173861377,0.00026865191719613736,0.46109216799405506
177,plate03,2,B,0.0009684563512056016,0.00014603974375922626,0.0003270365265288189,0.0002930954368899287,0.7456602541070614
178,plate03,2,C,0.002126460024982038,0.00014359865432197688,-2.8210596461034768e-05,0.00028819626286204913,0.9359761544643455
179,plate03,2,D,0.0030444731242530664,0.00013038985320853143,0.0003162885962591,0.0002616867947281585,0.9732226995263177
180,plate03,2,E,0.006107905999718717,0.0001670376811317681,5.669962952755569e-05,0.0003352372394945368,0.9889059437868947
181,plate03,2,F,0.00952522110417103,0.00015974137714130842,0.00012402556433646693,0.00032059416354397936,0.9957990410792057
182,plate03,2,G,0.016561476140182996,0.000129939048025034,5.296875990878913e-05,0.000260781607954436,0.9990774965594793
183,plate03,2,H,0.02948223995728494,0.00013926984243589098,2.6295475664017687e-05,0.00027950701986084807,0.9996654010193973
184,plate03,3,A,0.00014995742286248002,0.00014344562466555487,5.233453775230815e-05,0.0002878891618665048,0.06790916600167896
185,plate03,3,B,0.0004991128402898836,0.0001574734391624491,-0.0007493582290185161,0.000316042372814506,0.40109627277564486
186,plate03,3,C,0.000536107163962966,0.00011006451210360222,-7.839129289610296e-05,0.00022089470954459334,0.6126546228432378
187,plate03,3,D,0.0009192391963968782,0.00010980427544794796,-0.0001858075307892833,0.00022037242274867763,0.8237035388552848
188,plate03,3,E,0.0014377153565034396,9.830329342605667e-05,-0.0003023279138772581,0.00019729045439357615,0.9344690496608141
189,plate03,3,F,0.002186284702977524,8.583388478302784e-05,8.494498013526682e-05,0.00017226489346445746,0.9774020722372965
190,plate03,3,G,0.004102877298403914,0.00011808220937796062,-0.00017272804466792876,0.00023698587165672927,0.9877278560424141
191,plate03,3,H,0.008294902050131912,9.626587705478678e-05,0.00014457577670669465,0.00019320150759099538,0.9979837813049943
192,plate03,4,A,0.0022678361730823354,0.00013493102396128313,-0.0001480676489682752,0.00027080073895395225,0.9495777492513352
193,plate03,4,B,0.0038945448814167467,0.00017175935945992288,0.00031386585816678544,0.0003447136133444998,0.9716515540627196
194,plate03,4,C,0.00648952769282856,0.00011702031427626987,0.00018858178555467041,0.0002348547437805105,0.9951462773653018
195,plate03,4,D,0.008144585437755201,0.0001426718360612493,0.0005135709212637455,0.00028633621338734365,0.9954182079984908
196,plate03,4,E,0.011114488112551077,0.00014800780260704877,0.0005970440616124733,0.00029704528425552793,0.9973470564647748
197,plate03,4,F,0.013506319726542843,0.00014984693928348994,-6.743924862575622e-05,0.0003007360568833033,0.9981570685439793
198,plate03,4,G,0.015845550529166356,0.00011850980821431682,0.0002332780459421949,0.00023784399614765832,0.9991616601592717
199,plate03,4,H,0.019188503663902935,0.00013154819041519728,0.000501935674073566,0.0002640115831478781,0.9992955127926821
200,plate03,5,A,0.0004106279131752145,0.00012195257251233733,9.69035194326624e-05,0.00024475352816901634,0.4304686003551551
201,plate03,5,B,0.00078730484272409,0.00011411285481239003,0.00020131588245502196,0.00022901956026326727,0.7603874649210377
202,plate03,5,C,0.0016873758668277997,0.00013711480586272332,-0.00048195550867915143,0.00027518348501736126,0.9098801405720751
203,plate03,5,D,0.0022089826912697792,0.0002041331293976798,-4.1056706766076167e-05,0.00040968630853827754,0.8864499224472919
204,plate03,5,E,0.004153525532201054,0.00017352864108269013,-0.000204113538875009,0.00034826443197777114,0.9744861924468107
205,plate03,5,F,0.005851758038669509,0.00012765112239424852,0.00033754455079100396,0.00025619028649578586,0.9929127286966002
206,plate03,5,G,0.009742765343765619,0.00011021199363137356,0.0002608960359853782,0.0002211906626527272,0.9980841946599684
207,plate03,5,H,0.016517155103673027,0.00012422504517377946,-7.059840041267588e-05,0.000249314589268133,0.9991522426369797
208,plate03,6,A,0.0001534252084249517,0.00017088730759476326,6.396388693961157e-05,0.00034296342783100674,0.05099757505458313
209,plate03,6,B,0.00022077765662860594,0.00014179430935511994,0.00017545487123488856,0.00028457503984080423,0.13913501902220626
210,plate03,6,C,0.00046688198418144174,0.00010569875845040635,0.00018472877373571292,0.0002121328315933426,0.5653530970828984
211,plate03,6,D,0.0008803689687780631,0.0001421707292866231,0.00029178472729714656,0.000285330501213541,0.7188116448922361
212,plate03,6,E,0.0017947043998366712,0.00013379734049201404,-9.750304818560711e-05,0.0002685254483968223,0.923047264494923
213,plate03,6,F,0.002665838483809132,0.00017032264085245936,0.00028640070320610486,0.00034183016373584004,0.9423022930124577
214,plate03,6,G,0.005101511184175887,0.00011887550372449643,-0.0003951646456362303,0.00023857799231496795,0.9919210415508061
215,plate03,6,H,0.009739128956079323,0.0001449843838542133,2.1915777503335575e-05,0.00029097679713178124,0.9966867726750467
216,plate03,7,A,0.0003562074079351217,0.00011300806904156234,-7.580037011557175e-05,0.0002268023028324882,0.39844646523052385
217,plate03,7,B,0.00039772959755806866,0.00012795411200707064,7.752126996903319e-05,0.00025679835458898055,0.39177701384440045
218,plate03,7,C,0.0011722735843549918,9.858031715649854e-05,-0.00024486180933702847,0.00019784642384035968,0.90409769230004
219,plate03,7,D,0.0014805556665830222,0.00012425960230817392,-6.535755649370983e-05,0.0002493836359378957,0.9044389421630233
220,plate03,7,E,0.0030592976355961984,0.00011507014630390234,-0.00013188996538816142,0.00023094082165124754,0.9792196193977583
221,plate03,7,F,0.0046317506666127195,0.00013915474124518326,-0.0001313984307660377,0.00027927758292365783,0.9866415324566372
222,plate03,7,G,0.008203304379976977,0.0001459844368769283,-0.00011243455307444663,0.00029298455039536707,0.9952720943975901
223,plate03,7,H,0.016065123989546605,0.00012001518552466367,-0.0006349246528437112,0.0002408652589095245,0.9991635657746855
224,plate03,8,A,0.00015030257277613357,0.00014586810628027907,0.00016834880659144305,0.00029275097174056035,0.06610281007724028
225,plate03,8,B,0.0007002352126433833,0.00011016417270859886,-0.00024366064006820133,0.00022109472808083493,0.7292535827692717
226,plate03,8,C,0.001201631353694272,8.776820473682632e-05,-6.829084709349242e-05,0.0001761469896503126,0.9259048873496213
227,plate03,8,D,0.0017376705080471054,0.00010873296921075885,-0.00013986686279649695,0.00021822237012181645,0.9445255804746912
228,plate03,8,E,0.003216685410947881,0.00016342999717826025,7.673915196772192e-05,0.00032799690847362277,0.9627231876928641
229,plate03,8,F,0.005484057580121918,0.00014512020085865896,-0.0006673307393423877,0.0002912499538517479,0.9896054653319157
230,plate03,8,G,0.00939331071635561,0.00015299242855081803,0.00021851089839327518,0.00030704925645528886,0.9960365856251836
231,plate03,8,H,0.018650219149647356,0.00013275329977274644,7.980125552268093e-05,0.00026642987716032294,0.9992405807144057
232,plate03,9,A,0.001016332494376785,0.00013954825037753915,0.00012688030890531363,0.0002800672922155792,0.779549123108928
233,plate03,9,B,0.0021619373076975884,0.00012432736410061137,0.00017181763606135644,0.0002495196182480287,0.9527380204555211
234,plate03,9,C,0.00429859260445082,0.00013497961648617629,-2.2425629583451968e-05,0.0002708982658652379,0.9854253279321151
235,plate03,9,D,0.005914800236425288,0.0001456270776515168,0.0002235541984410057,0.00029226722892182006,0.9909891781671005
236,plate03,9,E,0.010235771510731184,0.00011853339245608862,5.8276769260956485e-05,0.00023789129883838056,0.9979924832173935
237,plate03,9,F,0.014058500351499742,0.00014892596567044582,0.0006270423243888842,0.00029888798035834123,0.9983195572946496
238,plate03,9,G,0.020443202646505537,0.00013090152291513128,0.00021510014141128765,0.0002627138560929978,0.999385365872373
239,plate03,9,H,0.028737587295696095,0.00015082642170294623,0.00015797754427181212,0.00030270239625030965,0.9995869825819591
240,plate03,10,A,0.0007293892131833124,0.0001359103629988408,-0.00025699256650775504,0.00027276621865129913,0.6575451487783484
241,plate03,10,B,0.001175711315463185,0.00012518368653941257,0.0002191944390797056,0.0002512382388057882,0.8546618427243741
242,plate03,10,C,0.0024008785245492356,0.0001289822768892088,-4.7387115824448033e-05,0.0002588619045751255,0.9585041131355266
243,plate03,10,D,0.0034787852216470435,0.00012104558113528814,0.00020657064687803543,0.00024293324164739166,0.9821631749112752
244,plate03,10,E,0.006608622706407316,0.00014942135691365377,1.2944477023686943e-05,0.00029988194638834546,0.9923901317742377
245,plate03,10,F,0.0100609562509277,0.00012806520486320478,0.00041195154062583487,0.00025702131169649036,0.9975755077919999
246,plate03,10,G,0.017327440855546425,0.00012280184506344616,-0.00026972646386178505,0.0002464579353015034,0.999247156673401
247,plate03,10,H,0.02943895181956912,0.0001482448371183222,0.0004438935310939736,0.0002975210827617893,0.9996197743392262
248,plate03,11,A,0.0008250272707973175,0.00015391840805704812,0.00013184618038453142,0.0003089075726900141,0.6569963700033206
249,plate03,11,B,0.001723860222076538,0.00011506588178330924,-6.557360056377329e-05,0.00023093221705255065,0.9373553218827266
250,plate03,11,C,0.0034417090442646547,0.00013315651612021023,-0.0003103791636821461,0.00026723936672519747,0.9780403916494892
251,plate03,11,D,0.004588030543356381,9.065336988172201e-05,0.0001821089401944946,0.00018193736378396082,0.9941780206162879
252,plate03,11,E,0.008610234573099661,0.00012515200629966244,-0.00029318711211628407,0.00025117466939073794,0.9968409026219881
253,plate03,11,F,0.011870286321040431,0.00010723216395693259,0.000401752131301938,0.00021521032299483337,0.9987773906618915
254,plate03,11,G,0.01805735019472683,0.0001541052539109022,0.00021438626358521952,0.0003092825106625925,0.9989087006333206
255,plate03,11,H,0.026963413847825673,0.00016244526884417684,-0.0002799245768738567,0.00032602074550212347,0.9994558482621015
256,plate03,12,A,0.003894581443295678,0.00013747875595781548,0.0012264458894608859,0.00027591390874108095,0.9816515991472641
257,plate03,12,B,0.008021258569891318,0.00018030717324259854,0.0006452608250570195,0.0003618687046065347,0.9924776589838968
258,plate03,12,C,0.013671549766535064,0.00015264951191362933,0.001760929911057011,0.00030636096086804,0.9981334689876633
259,plate03,12,D,0.018446012725180087,0.00016743430330993494,0.0011368894891608866,0.0003360333671808078,0.9987656493201347
260,plate03,12,E,0.026923633497424708,0.00017715960704913885,0.0014035950077237315,0.00035555170173536313,0.9993509597623557
261,plate03,12,F,0.03310403015198816,0.00011624646274074736,0.0009303936292971421,0.0002333016046528898,0.9998150695627952
262,plate03,12,G,0.04002991084693345,0.0001714440740922606,0.0006598686466200844,0.0003440808642620938,0.9997249273854458
263,plate03,12,H,0.0469864824107995,0.00012745878474122588,-6.335375722033021e-06,0.000255802015747613,0.9998896239422027
264,plate04,2,A,0.0027961357742369982,0.0001125035290711603,0.0001928138974996994,0.00022578970998236958,0.9762924371193784
265,plate04,2,B,0.005258184814025786,0.00017542540647025705,0.00037871490843449337,0.0003520712034911494,0.9835784721982993
266,plate04,2,C,0.009687903420816225,0.00012901101617044606,0.00040541847549533506,0.0002589195126654924,0.9973470347981043
267,plate04,2,D,0.013025186808447662,0.00015679477869582722,0.0013581766318300984,0.0003146803357086863,0.9978310798664866
268,plate04,2,E,0.021537091908403392,0.00012760689850447728,0.0007778503346058119,0.00025610153600135003,0.9994736958021925
269,plate04,2,F,0.028799993068654543,0.00013076758948880594,0.0006094479656770409,0.0002624448975573711,0.999690847677604
270,plate04,2,G,0.038412198092316545,0.00019455781474379702,0.00025629538260821207,0.0003904694190914363,0.9996153342408882
271,plate04,2,H,0.04855273636038859,0.00016471932249340778,-3.489048396421168e-05,0.00033058458479509503,0.9998273884597392
272,plate04,3,A,0.0036674225371738835,0.0001333440707169,0.0001878494970014947,0.00026761576124936516,0.9805558539868094
273,plate04,3,B,0.005789143398272914,0.00016505700912794493,0.00050580988008032,0.0003312622663619405,0.98795332900582
274,plate04,3,C,0.008001551667919438,0.00016829730157041375,0.00011509635674369476,0.00033776530291073845,0.9934078980845422
275,plate04,3,D,0.009525634480761123,0.0002278070119767699,-0.0004593793990105293,0.00045719876914872347,0.9914939562055096
276,plate04,3,E,0.011110425908466526,9.461919593849732e-05,-0.00021956728082728977,0.0001898966372392828,0.9989132848826917
277,plate04,3,F,0.011940853039426047,0.00011674446427524053,2.7613475289012257e-05,0.00023430149890266602,0.9985682209000885
278,plate04,3,G,0.013087247536608837,0.00012196841103583336,1.9853994790430818e-06,0.00024478293690817645,0.998699090447389
279,plate04,3,H,0.015840103084654788,0.0001887776738240758,0.00014761807452834605,0.00037886884629832713,0.997874052054323
280,plate04,4,A,0.0008021626929531353,0.00013982941760388794,-0.0007699479206629627,0.0002806315880142136,0.6869129325669916
281,plate04,4,B,0.0010364375373534474,0.00012289928099655913,-0.000289449925099699,0.0002466535360191811,0.8258230524017343
282,plate04,4,C,0.0019219464349890302,0.00011920627389749866,-0.000253788493882125,0.0002392418278405315,0.9454439823969689
283,plate04,4,D,0.0025374628169535208,0.00014762661864258124,0.00015093509100422644,0.0002962801938488676,0.9516815789582526
284,plate04,4,E,0.005076486457960039,0.00011848014000157697,-3.5226668076369173e-05,0.0002377846088221131,0.991895567725112
285,plate04,4,F,0.008010323658145517,9.670192340280464e-05,-2.3691614907182614e-05,0.0001940763613249452,0.9978187120709575
286,plate04,4,G,0.014314322754294229,0.00012432292820518736,4.620579334213559e-05,0.00024951107156455664,0.9988697818543307
287,plate04,4,H,0.027205549011827257,0.0001288671930348345,0.0002996855270223615,0.0002586307912600016,0.999663554699623
288,plate04,5,A,0.0005468989276252317,8.859256836120431e-05,-0.00040190816941980086,0.00017780144811579236,0.7175582688555165
289,plate04,5,B,0.00047335764262153025,0.00016191556117950393,2.0041307486174824e-05,0.0003249575623131156,0.36296966816951737
290,plate04,5,C,0.0012910223417473008,0.00011038430686772744,-0.00013135843094154627,0.00022153652130055325,0.9011789620575759
291,plate04,5,D,0.0018076844120963793,0.0001390720927276684,0.00013622941195971826,0.0002791116797640424,0.9184573000414604
292,plate04,5,E,0.0034511520142206337,0.000142975478766843,0.0002408203073686748,0.00028694561045158597,0.9749015424439155
293,plate04,5,F,0.0054407057621235905,0.00010972490389565123,8.108961913102654e-05,0.00022021316378212946,0.9939361311894342
294,plate04,5,G,0.009329510269439114,0.00013800961464586933,0.00021759726072888752,0.0002769793012822976,0.9967283332996555
295,plate04,5,H,0.016871288990999073,0.00012204985579652327,0.0002877374063332359,0.0002449488345219104,0.9992156155656056
296,plate04,6,A,0.0007846919929153022,9.024697656116306e-05,6.429625567914019e-06,0.00018112182172207034,0.8344401567642806
297,plate04,6,B,0.0015151281022472392,0.00011451636266440885,7.19889574247008e-05,0.00022982940452250889,0.9210736256742099
298,plate04,6,C,0.0029082295400971493,9.262387288320743e-05,-0.00040581118138859225,0.0001858920979820053,0.9850127629228402
299,plate04,6,D,0.003786058689115078,0.00013272157229571115,-0.00022859360018934717,0.0002663664578581441,0.9819004734625734
300,plate04,6,E,0.005576561799747738,0.0001460116476151639,0.0005656646178347657,0.00029303905825526946,0.9898213536052214
301,plate04,6,F,0.00759009047348705,0.0001617655479736141,0.0002188617772252433,0.0003246564537837589,0.9932326226588883
302,plate04,6,G,0.010292958328377622,0.00013293940921715096,-3.2566851053461576e-05,0.0002668031932122802,0.9975040834244623
303,plate04,6,H,0.014053636162615603,0.00016444669573199516,0.00014996012716948047,0.0003300375787762943,0.9979503755777817
304,plate04,7,A,0.0007947311528890417,0.0001038479900914832,-0.00016404034241563085,0.00020841841502238244,0.796100986885415
305,plate04,7,B,0.001412834822603695,0.00012407871371437388,6.808688728886333e-05,0.000249020617960425,0.8963047763837461
306,plate04,7,C,0.0028343477821614303,0.00014764193872310782,-3.131272992443986e-05,0.00029631100553575214,0.9608907765885757
307,plate04,7,D,0.003932106788045913,0.00014435963319706771,0.00011258986224520349,0.0002897235862277196,0.9801829156154267
308,plate04,7,E,0.007343969033485728,0.00011745641856306302,0.00011085397445944601,0.00023572999978145403,0.9961777374983196
309,plate04,7,F,0.011484901036833693,0.0001386159351166544,6.941711769224526e-05,0.000278195989181685,0.9978197121966703
310,plate04,7,G,0.01850429639884039,9.378847053460957e-05,0.00013268201903934905,0.0001882295325936913,0.9996148072282409
311,plate04,7,H,0.030897560479263963,0.00014970973018625257,0.0005097489689231888,0.00030046084204306007,0.99964796180189
312,plate04,8,A,6.383096038688127e-06,0.00013577954797518093,0.00034422870857426716,0.0002725036594695669,0.00014731178745908124
313,plate04,8,B,0.000289947546774457,0.00015277132804508852,5.338262119352422e-05,0.0003066054541310726,0.19363913936225008
314,plate04,8,C,0.0006144386028271439,0.0001585804533160883,0.00014305834517803372,0.00031826410393611445,0.5002109184118335
315,plate04,8,D,0.0008794341712391741,0.00011442640490129833,0.00023584559802887318,0.0002296488367711647,0.7974841052336225
316,plate04,8,E,0.0019491822783427315,0.00012014696100678275,1.8136263367773964e-06,0.00024112908838552291,0.9460816771672254
317,plate04,8,F,0.0032483576039852432,0.00015440952726687357,-0.00044492714489091737,0.00030989323837979,0.9672179459612392
318,plate04,8,G,0.005459987759745306,0.00012657265643701155,0.00020985655642776334,0.0002540258238943317,0.992003483111301
319,plate04,8,H,0.010869505839704963,0.00010538797206511373,0.00021806539689467756,0.000211509107351271,0.9985918740485191
320,plate04,9,A,0.0002764561354042097,9.882002424243035e-05,0.00018781127441480899,0.00019832751213255862,0.342866417335145
321,plate04,9,B,0.000755015802654075,6.718912615284557e-05,-0.00019516338360703352,0.0001348456684535543,0.8938233838477438
322,plate04,9,C,0.001537327321112747,0.00010472020000466157,3.456590822205912e-05,0.00021016889508099427,0.9349275583971934
323,plate04,9,D,0.00208535317355465,0.00013952684538361934,0.00026781162639006033,0.00028002433428770535,0.9370751771911405
324,plate04,9,E,0.004185583734232582,0.00011617511543610488,0.00010452420709013351,0.0002331584857028075,0.9885760583343938
325,plate04,9,F,0.00663889916947554,0.00015356758569975867,-3.256296559081906e-05,0.0003082035853342769,0.9920379207358302
326,plate04,9,G,0.011583776249101407,0.00018623320969986652,-0.0006329149642336504,0.00037376198487225706,0.996137891218381
327,plate04,9,H,0.020737103321952947,0.00015225308985086612,0.00014039416262898193,0.00030556543898695876,0.9991920652650222
328,plate04,10,A,0.0005973702572301904,0.00013498307169425633,-0.0006167993420447681,0.0002709051824967839,0.5662887861497614
329,plate04,10,B,0.0009549941582162989,0.00014201553511665902,-0.0005132284054583701,0.00028501903272788173,0.7509129556766875
330,plate04,10,C,0.0014805405475588236,0.00011148699959589034,-6.665925562921083e-05,0.00022374958324077257,0.9216123612769778
331,plate04,10,D,0.002238668107475945,0.00013516866965520994,-9.309229009659652e-05,0.00027127764921467437,0.9481508914881955
332,plate04,10,E,0.004159981676708377,0.00014577108903379146,4.228535776648456e-05,0.00029255635388169746,0.981914730092493
333,plate04,10,F,0.0064271536530252135,0.00017244177878953127,0.00025164130117046095,0.00034608316115317654,0.9893174598806667
334,plate04,10,G,0.011683589686482554,9.909126308422359e-05,-7.502582872699689e-05,0.00019887186820341992,0.9989221914003893
335,plate04,10,H,0.02218402574861722,9.129161527690826e-05,0.0003606158449370289,0.000183218314116961,0.9997460417814273
336,plate04,11,A,0.004044561634665517,0.00015923037681158135,0.0005418322110503914,0.0003195684635594399,0.9772794461276081
337,plate04,11,B,0.006664463912223306,0.0001119641151642418,3.439111675318518e-05,0.00022470713351947669,0.9957841753471429
338,plate04,11,C,0.008955870645746811,0.00015192651388013745,0.000672257616246731,0.00030490995990798347,0.9957019418840328
339,plate04,11,D,0.010378608098262493,0.00012502961345392828,0.000650642438047681,0.0002509290015930869,0.9978278271251336
340,plate04,11,E,0.012450619318043437,0.00016522553164821047,0.00020426751262001762,0.0003316005299891921,0.997365380171155
341,plate04,11,F,0.013408532840642943,0.00013258400799150843,0.0004352503970769791,0.00026609039812312363,0.9985355494907933
342,plate04,11,G,0.015023576900877803,0.00010639703186222383,-0.00022751886826605087,0.00021353415963414456,0.9992482453018071
343,plate04,11,H,0.017750053727426992,0.00014724600992622205,-0.000224936736630412,0.00029551639457866597,0.9989688284423459
344,plate04,12,A,0.00014955476942306482,0.00011983988930193387,0.00010142332361125594,0.00024051346978140787,0.09406018458674037
345,plate04,12,B,3.403250920078008e-05,0.00016460501200975906,0.00025888228375922114,0.00033035512445869807,0.002841681625682657
346,plate04,12,C,7.220170643199051e-05,0.00013284891587704123,0.0004807608485432956,0.00026662202291475196,0.01931161602908482
347,plate04,12,D,0.0006021167163897228,0.00013877628191729042,-0.0004336053345213136,0.00027851798933780937,0.5565386872397575
348,plate04,12,E,0.0007745549768281086,0.00010867262672759357,0.00026062617973191893,0.0002181012547655335,0.7720366620621006
349,plate04,12,F,0.001712987531995557,0.00014354696276966627,-0.0004090636711591479,0.0002880925410859458,0.9047034629028651
350,plate04,12,G,0.0029474563354506714,0.00014719031351600963,-6.555131097421167e-05,0.0002954046154933882,0.9639416665148883
351,plate04,12,H,0.006245823179264244,0.00012595495741284397,0.0002775546518821726,0.00025278612274984237,0.9939368117908094
352,plate05,2,A,0.00013189496481668512,0.0001293876904719149,0.0004663446842093149,0.0002596754947306905,0.06478726641230981
353,plate05,2,B,0.0005188210256959502,0.00013121956737099097,9.645147814519316e-05,0.00026335199987718685,0.5103294353189887
354,plate05,2,C,0.0010503309994412168,0.00015959753334453033,0.00011557257296562212,0.000320305334227127,0.7427594491059304
355,plate05,2,D,0.001748500893052316,0.00012135893735545373,-6.513467191256414e-06,0.00024356234616442813,0.932608535336579
356,plate05,2,E,0.0033938881993394823,0.0001397193479326638,-8.066550432727015e-05,0.00028041065062634667,0.9752083080798134
357,plate05,2,F,0.005430788105003748,0.00011903154404560699,3.121310959530721e-05,0.00023889103365043154,0.9928456323480129
358,plate05,2,G,0.009820703234247597,0.00016111408133961458,9.030249989978945e-05,0.0003233488661165371,0.9959791017539438
359,plate05,2,H,0.02014978778548347,0.00013825004389309147,-0.0007764373942327422,0.0002774618424163623,0.9992943743504615
360,plate05,3,A,0.00016956423758779924,0.00012526838729718686,-3.968703930819839e-05,0.0002514082232362862,0.10885370075580014
361,plate05,3,B,0.0005062405748613542,0.00016460384012274623,-0.0004321705878099119,0.0003303527804155286,0.3867226737677727
362,plate05,3,C,0.0005570130128001669,0.00012285338331266844,6.798529893614308e-06,0.00024656137851133915,0.5781405843173935
363,plate05,3,D,0.0011456805603092248,0.00011677909961088644,-0.00037574270552857017,0.00023437059544249432,0.8651674987369435
364,plate05,3,E,0.001932771179667716,9.569489294442316e-05,-0.00014560466718489693,0.0001920554976415811,0.9645329588018053
365,plate05,3,F,0.0029858263823919914,0.00011165749606399783,-8.225004199937088e-05,0.0002240917941510849,0.9794542331188709
366,plate05,3,G,0.005120371544207753,0.0001346232977337999,0.00021649294944524778,0.0002701831138093249,0.9897376061996708
367,plate05,3,H,0.010093122214865607,0.00013572762604226245,-0.00014843169894367293,0.0002723994848533364,0.9972947933637825
368,plate05,4,A,1.992500570374995e-05,8.299886908947882e-05,0.00038540560866066003,0.0001665751374743635,0.003827331410441559
369,plate05,4,B,0.0006158332689949883,0.00013742667951988885,-0.00012595032343681062,0.0002758093890909186,0.5724174687791869
370,plate05,4,C,0.0008756756182200787,0.00014269444684806152,0.00021054223225105975,0.000286381580930852,0.7151500715523293
371,plate05,4,D,0.0015138176479803222,0.00017743561517464076,-6.755028113265085e-05,0.00035610558275977247,0.8291357350291402
372,plate05,4,E,0.0029240917372840187,0.00010146914268022977,-0.00014818629176445222,0.00020364417016006432,0.9822579981034963
373,plate05,4,F,0.004414559928911077,0.00016390879346833443,3.320063664137689e-05,0.00032895759222546046,0.9797404185593168
374,plate05,4,G,0.007659041325644103,0.0001242651975744781,5.750940118539414e-05,0.0002493947487712727,0.9960669595144609
375,plate05,4,H,0.01514500863165374,0.00017578658697684968,-0.0002029696202270954,0.00035279614871312336,0.997983269705456
376,plate05,5,A,0.0004446079505154585,8.926776311511355e-05,-0.0005814828819832527,0.00017915653584566304,0.6231769312825444
377,plate05,5,B,0.0003701009335205252,0.00016112534375301908,-0.00022120034088436518,0.00032337158748526294,0.2602126036765433
378,plate05,5,C,0.0005778113348891018,0.00017294825422098343,-5.674856289000835e-05,0.0003470996601525177,0.4266480872434326
379,plate05,5,D,0.0007471938982932188,0.00011095343299968935,0.00012880046631052805,0.00022267873892775945,0.7514532497772539
380,plate05,5,E,0.0017762331698729448,0.00012010675374769741,-0.00017409171756033217,0.00024104905231487917,0.935817413854858
381,plate05,5,F,0.0026295286333110775,8.836427980863779e-05,0.00010191064957230854,0.00017734328865559465,0.9833431118151265
382,plate05,5,G,0.005177875341444948,0.0001469256959223001,-0.00022446122066362953,0.00029487348140310295,0.9880664533760968
383,plate05,5,H,0.010642669290843686,0.00015941386635517037,-0.0004277102389307193,0.00031993674465310783,0.9966458456904713
384,plate05,6,A,0.0002956935883988353,0.0001288866218915876,-0.00013358247583518488,0.00025866987233380344,0.2597498697655244
385,plate05,6,B,0.0005676535539961366,0.00013172197673398117,-1.4578705277737814e-05,0.0002643602631184647,0.5531945261299609
386,plate05,6,C,0.0010377360112267375,9.777748316443513e-05,-3.787166390732986e-05,0.00019623515385484,0.8824828692501988
387,plate05,6,D,0.0015257381355578625,0.0001586066003710773,-0.00017746945002742662,0.00031831658553480805,0.8605136725133479
388,plate05,6,E,0.0026494285855234575,0.0001117202342611271,-0.00019769063169832458,0.00022421766562480438,0.9740212108894015
389,plate05,6,F,0.0034971088170865894,0.00012124192306666156,0.0005865652696968873,0.0002433272881256934,0.9822900118550022
390,plate05,6,G,0.0057905688274249205,0.00015601036655120545,0.0002368436137599497,0.000313106104684473,0.9892290810658534
391,plate05,6,H,0.009924090004646733,8.677979353180596e-05,0.00021975805916021982,0.00017416331651664175,0.9988543573963958
392,plate05,7,A,0.0004167275667898205,0.00014968041104812746,7.003952765043276e-05,0.0003004020964209777,0.3406970295399162
393,plate05,7,B,0.0006524833299801508,0.0001239142327376883,7.991188555933307e-05,0.0002486905062731491,0.6489305595869588
394,plate05,7,C,0.0015091786503177178,8.715934496729095e-05,0.00013582523562045412,0.00017492503427828495,0.9523529730836477
395,plate05,7,D,0.0022827485585004397,0.0001496726050996837,-0.0001714073271784139,0.0003003864260879515,0.939421285718831
396,plate05,7,E,0.0039602627618488895,0.00013797907328886105,-2.6853517520144572e-05,0.00027691816662640426,0.9821172270092053
397,plate05,7,F,0.006006664999713865,0.00012277045813719218,0.00040325129250474637,0.0002463949821752445,0.9937727078287215
398,plate05,7,G,0.010422464473854066,0.00015300303555266758,0.00039923823061842773,0.0003070704603290407,0.9967778266833176
399,plate05,7,H,0.018752426767570357,9.253603099444091e-05,0.0002715950095049568,0.00018571573883737372,0.9996348773875132
400,plate05,8,A,0.00019269106902174819,0.00010874868469219789,-5.841385577651819e-05,0.00021825390167366088,0.1730801697568881
401,plate05,8,B,0.0004794018000667775,0.00011658025609643338,-0.00013583917079721425,0.00023397152869388923,0.5299311843394097
402,plate05,8,C,0.0005959648995519369,0.0001009550560226675,0.0001819330573920459,0.00020261242489833135,0.6990887844601502
403,plate05,8,D,0.0010848180896332509,0.00015277064186586432,-0.00017168384135284552,0.0003066040629146582,0.770725024780973
404,plate05,8,E,0.001820110545305613,0.0001219511571877986,5.45067588693049e-05,0.0002447506763942741,0.9369093707337015
405,plate05,8,F,0.0029217584342376684,0.00013495782472157207,0.00010903261878726906,0.00027085449330460296,0.9689888747864989
406,plate05,8,G,0.005477776578680117,0.00019280809567499547,-0.0008527566251601881,0.0003869574983228232,0.9817553130823982
407,plate05,8,H,0.009276191864694937,0.00011367930343933595,0.0005064075340426607,0.00022814941603944164,0.9977523053147889
408,plate05,9,A,0.0005097866727950022,0.00012615095910372225,-0.00017201654296490344,0.0002531795107724002,0.5212312187670904
409,plate05,9,B,0.0005309647067208076,0.00012099804686980952,0.0006335778226842714,0.00024283783990949084,0.5621253310478597
410,plate05,9,C,0.0017260456729771432,0.0001341352003106766,4.5478500607142525e-05,0.00026920354996195665,0.9169362816222489
411,plate05,9,D,0.002577623793588836,0.00013146257651643737,-7.339999041008029e-05,0.00026383969125439225,0.9624479571355229
412,plate05,9,E,0.004529132904513106,0.0001622994930597131,0.00035397145461257926,0.00032572808102815934,0.9811022599748176
413,plate05,9,F,0.007324080388427031,0.00014633383585030524,0.00022755215449135673,0.0002936856145325707,0.9940477432606154
414,plate05,9,G,0.01316971000858338,0.000150060195274038,1.8155683550746318e-05,0.00030116511897948294,0.9980563166677036
415,plate05,9,H,0.024952928384019583,0.0001391172980626666,-0.00028223051230251287,0.0002792023048810898,0.9995339767921069
416,plate05,10,A,0.00018342743596767717,9.573066423723454e-05,0.00014687394744177345,0.0001921272959727413,0.19663037493743085
417,plate05,10,B,0.000378475552766851,0.00014156848756968052,0.00036887367365234916,0.00028412182436562115,0.322716782055151
418,plate05,10,C,0.0010487542522449917,0.0001183810026585702,0.00013155741888171908,0.00023758555581254232,0.8395454280237997
419,plate05,10,D,0.0016632662227445334,0.0001716992460923574,0.00021436951287480952,0.0003445929495504308,0.8621826895998952
420,plate05,10,E,0.0031957740074474972,0.00016303381707899556,6.900677052010993e-06,0.0003272019821021241,0.9624281272767623
421,plate05,10,F,0.005313676712760011,7.967433112191028e-05,-0.00010431546524708585,0.00015990293858647199,0.9966389411064261
422,plate05,10,G,0.00916387725886854,0.00016419940688227827,0.0004854963176122501,0.0003295410679428725,0.9952071993479696
423,plate05,10,H,0.0183207191843927,0.00013771893525489504,2.536148535770413e-05,0.0002763969042941909,0.9991531083853876
424,plate05,11,A,0.001247802824738908,0.00011441643607566882,0.00023416054646404995,0.00022962883139765,0.8880066149100129
425,plate05,11,B,0.0025421278389402423,0.00014692981683678608,0.00013050009431731516,0.000294881806281863,0.9522820270240656
426,plate05,11,C,0.004940013935945253,0.00013023347595787774,-2.318490682726159e-06,0.0002613726542867193,0.989682462599804
427,plate05,11,D,0.006988409426845076,0.00013167197650550746,-0.00011410331290832893,0.00026425991267484356,0.9947031941748546
428,plate05,11,E,0.011280143925326822,0.00015994724608409816,0.00025327965919843214,0.0003210072267652087,0.9969931788393104
429,plate05,11,F,0.015589700727585127,0.0001507614886688362,0.00013863506859772696,0.0003025719406537848,0.9985991579782285
430,plate05,11,G,0.021744582615568327,0.00019524401358183297,0.00031862315415187624,0.00039184623932198785,0.9987921314425185
431,plate05,11,H,0.02994254259124241,0.00013721482849547053,-3.407211999914108e-05,0.0002753845810250737,0.9996850901379093
432,plate05,12,A,-2.0264743252413914e-05,0.00013295681962592482,0.0004984171325263506,0.00026683858271221955,0.0015463107152658973
433,plate05,12,B,0.0007108963668270215,0.00012856294216310448,-0.00037226041581679486,0.00025802025682492995,0.6708795720605238
434,plate05,12,C,0.0005472490490934964,0.0001459153281055093,0.0006393228741525352,0.00029284574359038205,0.483931734744811
435,plate05,12,D,0.00117749239724805,0.00014007675467742872,0.00018515849121450323,0.00028112798589950016,0.8248925602911825
436,plate05,12,E,0.0023411332104786324,9.653244600869049e-05,0.00013528830929668035,0.00019373642231422918,0.9751315531557551
437,plate05,12,F,0.003967524750523511,0.00012563734238511487,-0.00013546140281292497,0.00025214873092136466,0.9851814507170088
438,plate05,12,G,0.007149948083778735,0.00014988296324587006,1.1856945462842461e-05,0.00030080869286583026,0.9934515769998118
439,plate05,12,H,0.013961014318049534,9.767373909682926e-05,-7.058429339121149e-05,0.00019602685426674854,0.999266341351038
440,plate06,2,A,-2.0745450405799007e-05,0.00011995162896483597,0.00024422549789437844,0.00024073772806739203,0.0019901149666717854
441,plate06,2,B,0.00023407983854318405,0.00012351722959510428,2.59115579632996e-05,0.0002478937428133189,0.19317859044008112
442,plate06,2,C,0.00039612699434490753,6.758572209975282e-05,0.00021732999726856294,0.00013564161948429777,0.6960643156243164
443,plate06,2,D,0.0007544814838674324,0.0001067615974017239,-0.00023594261441071607,0.00021426590448439653,0.7690251124648397
444,plate06,2,E,0.0013447164757118778,0.00012354751638412781,-0.0001571163777278037,0.0002479545089673929,0.8876117514945095
445,plate06,2,F,0.002030698776451851,0.00012246801523268358,0.00016289477770306562,0.0002457880172214121,0.9482660183889967
446,plate06,2,G,0.004045234005894512,0.00012383519002929038,-0.0004031651918655456,0.00024853186135392484,0.9861378768759292
447,plate06,2,H,0.007535316766694445,0.00011974184174036722,0.0005483989485505994,0.00024031668581764852,0.9962265543619806
448,plate06,3,A,0.002756903606046177,0.00010823868408155649,-0.0001736655733554851,0.00021723036162919662,0.9774011682780781
449,plate06,3,B,0.00501633482272564,0.00014624912179694657,0.0003051113282417641,0.00029351566383905214,0.9874106712123033
450,plate06,3,C,0.009219558642729653,0.00017484820707127188,0.000732589161359212,0.0003509128022910505,0.9946339246744341
451,plate06,3,D,0.012951022128183812,0.00010530771919220264,0.00035155844065106655,0.00021134799628993753,0.9990092300038567
452,plate06,3,E,0.02077030577284523,0.00016410868993882685,0.0008118752619925536,0.0003293590380888108,0.9990644607885473
453,plate06,3,F,0.02730903567684048,0.00015429435393583753,0.0009370167633955007,0.00030966211203628313,0.999521402171706
454,plate06,3,G,0.036122252043216924,0.00015155503345505898,0.001001045315248072,0.000304164410190855,0.9997360218568303
455,plate06,3,H,0.04654013319171568,0.00013832877792462853,-6.096089870633037e-05,0.0002776203755642043,0.9998675023702048
456,plate06,4,A,0.0008348838484350547,0.00011272846670152395,0.00010641618885547194,0.00022624115000297363,0.7852573822037472
457,plate06,4,B,0.00167402060111094,0.00012399712228016745,0.0003388117617537476,0.00024885685287502596,0.9239593657593389
458,plate06,4,C,0.003187922789690593,0.00012766757042293977,0.00022100060802894304,0.00025622328591637665,0.9765083922833291
459,plate06,4,D,0.004601261241860832,0.00015067926596981502,0.00025755828901409544,0.00030240678213690214,0.9841687850510086
460,plate06,4,E,0.008078112067158852,0.00013320791608087147,0.0001388518198800152,0.00026734254919049284,0.9959377720319188
461,plate06,4,F,0.011481965912652603,0.00015692913160767586,-1.543740246479075e-05,0.00031494965363557006,0.9972058827630401
462,plate06,4,G,0.01666509457655946,8.600137563712963e-05,3.399984308067584e-05,0.00017260109627012749,0.9996006873767543
463,plate06,4,H,0.02413927694327226,0.00014516323833005978,-0.0001569908951610397,0.00029133644976513605,0.9994578464177066
464,plate06,5,A,-5.527569573448473e-05,0.00012732596604863295,0.0005236863299386288,0.0002555377014868915,0.012408536931445613
465,plate06,5,B,0.00015883822221735968,0.00010351725672720104,0.00019812347812656246,0.00020775465311772268,0.1356670378972088
466,plate06,5,C,0.0004115156715575787,0.00017247473995387954,0.00021224065043882478,0.00034614933028987815,0.27510827548650374
467,plate06,5,D,0.0008626508568156078,0.0001450005057469671,-0.0003055611304965011,0.0002910097364818332,0.7023461990803945
468,plate06,5,E,0.001486926781524344,0.00013848032222469359,0.0001324442896468233,0.00027792400894101235,0.8848748667760342
469,plate06,5,F,0.0023192633849905596,0.00010474270620260638,-0.00016208717176474977,0.00021021408209990694,0.9703140457188011
470,plate06,5,G,0.0038591420578252067,7.378242342658982e-05,8.406585303439426e-05,0.00014807809713482704,0.9945469350035929
471,plate06,5,H,0.007151533947838391,0.00010825142299847939,0.00028924361582212025,0.00021725591491237526,0.996574926876634
472,plate06,6,A,0.00023867287629968624,0.0001496737479769012,-4.003968758621705e-06,0.0003003887871394923,0.14494905130706115
473,plate06,6,B,0.0005202727163987036,0.00015889109794520238,-8.74493953912122e-05,0.0003188875604042116,0.41683443179632995
474,plate06,6,C,0.0009532811745867041,0.000145900760650668,0.0002692050376192821,0.0002928165143799992,0.739989939917211
475,plate06,6,D,0.001416568960876548,0.00012264771492781512,0.000348535004282509,0.0002461486499926071,0.8989219774350097
476,plate06,6,E,0.0032220444936488235,0.0001164479219447293,2.20794051419837e-06,0.0002337066435453383,0.9807838583473107
477,plate06,6,F,0.0051119429654548935,0.00012286827087516932,-0.00015987802378426968,0.00024659131904394545,0.9914088453710005
478,plate06,6,G,0.009076031457205513,0.000130855580965541,0.0003226075113425239,0.0002626215171580329,0.9968916353124194
479,plate06,6,H,0.01825104421146841,0.00010866916927274296,-0.00015572323134083839,0.00021809441077318722,0.9994685064395245
480,plate06,7,A,0.0014875905362129573,0.00013984120193316337,0.0003444862214469925,0.000280655232742979,0.8829596679354649
481,plate06,7,B,0.0030636696121142722,0.00013268001739102767,0.00027385936900798275,0.00026628303740953047,0.9726366711139413
482,plate06,7,C,0.005225232924100487,0.00011612917638993448,6.362422673156232e-06,0.00023306598069643052,0.9926453575794272
483,plate06,7,D,0.0067988038200133445,0.00017991150086528706,0.0001500401158819389,0.0003610746435406567,0.989605428364756
484,plate06,7,E,0.009798218157076361,0.00012675737415237078,0.00032058438839071917,0.00025439659418488076,0.9974958819784359
485,plate06,7,F,0.01223888424386548,0.00014872117661413292,-0.0003675473663856097,0.0002984769729838418,0.9977899994971864
486,plate06,7,G,0.014716246429246497,0.00015729917189601453,8.504406366895317e-05,0.0003156929486809501,0.9982891630895322
487,plate06,7,H,0.018578085237098693,0.00010049411487093133,-5.242241748993783e-05,0.00020168686967001937,0.9995612912556814
488,plate06,8,A,0.000554507652100109,0.00014649274239579975,-0.00010701294016415033,0.0002940045881170935,0.4885418417852426
489,plate06,8,B,0.0010523042059336822,0.00014784949183845777,0.00045501969616365523,0.00029672753194701616,0.7715413801547237
490,plate06,8,C,0.0022488115080061873,0.00014707814252698764,0.0005320759841159512,0.0002951794680579809,0.9397060880407594
491,plate06,8,D,0.0034036962777067832,0.00013960654893599875,0.0003206469478066279,0.00028018430238438256,0.9753862450270568
492,plate06,8,E,0.006718751834186457,0.00014689111791214547,-6.0902218975147016e-05,0.0002948041124057009,0.9928812604753128
493,plate06,8,F,0.010381180113394702,0.00014257437436126927,2.3338756214789094e-05,0.00028614030201109473,0.9971786766360379
494,plate06,8,G,0.017362097010664074,0.00016137765198351504,0.0004201483919653353,0.0003238778903374116,0.998705772053429
495,plate06,8,H,0.030501943055101566,0.00012025280793513314,-4.318019758686731e-05,0.0002413426862146043,0.9997669045555622
496,plate06,9,A,0.0001361213494366486,0.00011792071753526685,0.0002800668176758156,0.00023666177535560675,0.08158666421209082
497,plate06,9,B,0.0004192922069451667,0.00012386416706739755,-0.00021822236283493358,0.0002485900195080221,0.4330826045398857
498,plate06,9,C,0.0007740237871310647,0.00019026698974801483,-0.00047041172839002473,0.00038185761159891803,0.5245548344406306
499,plate06,9,D,0.0008599094611442615,0.0001070767789822833,2.5358931368975003e-05,0.00021489846131709478,0.8113050379679542
500,plate06,9,E,0.0017345405182414197,0.00013882832924867083,0.00013215152549328395,0.00027862243089291934,0.9123338099397044
501,plate06,9,F,0.002717090515292993,0.00013209493450844854,-5.3444786769071413e-05,0.00026510881499310177,0.9657606973388475
502,plate06,9,G,0.004569935796373827,0.00012912648589395162,0.00022716534925757388,0.0002591512988685119,0.9881659923980513
503,plate06,9,H,0.009140290734484248,0.0001578406121013884,-0.0001479083178838275,0.00031677936044561004,0.9955468113213405
504,plate06,10,A,0.0007511188886297831,0.00013180403746551603,-0.00036390468179900567,0.0002645249950689609,0.684049597668485
505,plate06,10,B,0.001073984968869877,0.0001253894034989914,6.588297342682004e-05,0.0002516511250468824,0.8302448711014032
506,plate06,10,C,0.00185694431297974,0.00014500088156944462,0.00016085979687257385,0.00029101048043069324,0.916203357157204
507,plate06,10,D,0.0024063347172844675,0.00018999569863174326,0.0003764568218713713,0.00038131312757548575,0.9144848299850525
508,plate06,10,E,0.004012151024622178,0.00011221173258426452,0.00011560523621180069,0.00022520410207053094,0.9884029564236386
509,plate06,10,F,0.005234304790061706,0.00011766455635861248,-4.185774476073156e-05,0.00023614766870014333,0.992477105558948
510,plate06,10,G,0.007158686951911034,0.0001697857206226296,-0.0003498115504908925,0.0003407526175198449,0.9916328446632267
511,plate06,10,H,0.010381515205134546,0.00017048570161413588,-0.00034774614516789893,0.0003421574616132601,0.9959710425986557
512,plate06,11,A,0.0004922078288807011,8.637270125578467e-05,-0.00019827302338342302,0.00017334627383660186,0.6840416739742067
513,plate06,11,B,0.0009503380226263278,0.00018218758150563414,-3.9496197197919536e-05,0.0003656425697092182,0.6446288165804973
514,plate06,11,C,0.0015260337077936954,0.0001507083589120856,0.00041822984499883484,0.0003024651484478142,0.8723736888819793
515,plate06,11,D,0.0023774901012567026,0.00013219495189634202,0.00038128035377249015,0.00026530954033162794,0.9556803596123526
516,plate06,11,E,0.005052560343603314,8.143859111540066e-05,-0.00036465577685980524,0.0001634437186163856,0.9961181432584391
517,plate06,11,F,0.007767865100327169,0.00015485804332108688,-0.00018729715929086178,0.0003107934303541281,0.9940738280814491
518,plate06,11,G,0.012883060304437489,0.00012635544125850327,0.0002928623350381607,0.0002535898593393248,0.9985591637200862
519,plate06,11,H,0.023592422466007294,0.00015824667209634856,0.0003238217004994962,0.00031759413196763965,0.9993255926425473
520,plate06,12,A,0.0003365067086156173,0.00013259924570361895,-2.4147933019920643e-05,0.00026612094356349324,0.3003825523967314
521,plate06,12,B,0.0004507960664109492,0.0001244673781640494,0.00033639641165705565,0.00024980063555431436,0.46652330764035466
522,plate06,12,C,0.0011448793090055474,0.0001398163525944504,0.00028429685873309794,0.00028060536808996087,0.8171862554904249
523,plate06,12,D,0.001959195415944996,0.00010706461516500705,-7.795550169162816e-05,0.00021487405216363622,0.9571257373741138
524,plate06,12,E,0.0035485907486445534,0.00013398431330069466,2.1768697687662986e-05,0.0002689006511443086,0.9790638379382375
525,plate06,12,F,0.0059532335885759645,0.0001382301412515358,-0.0003733783062232293,0.00027742189354774683,0.9919778130653479
526,plate06,12,G,0.010152625432622887,0.00013132093742004115,0.00041441900832014364,0.0002635554204950369,0.9974966940256714
527,plate06,12,H,0.020593989012782227,0.00013545842280141966,-0.00012369734865391187,0.0002718590569304268,0.9993514555635225
528,plate07,2,A,0.0007073737087847395,0.00011610641389921802,-0.0005360720806573071,0.00023302054568176536,0.7121919651617019
529,plate07,2,B,0.0011436038923865817,0.00017978892642495832,-9.3658964610891e-05,0.00036082860860326354,0.7295345303109254
530,plate07,2,C,0.0019660408241337518,8.55081087942151e-05,9.014151213546222e-05,0.0001716110891261006,0.9724088515540835
531,plate07,2,D,0.0028688933950885825,0.00015496046640366235,0.00017907056207495058,0.000310998959814612,0.9580721602336518
532,plate07,2,E,0.005596881812966993,0.0001773321364588839,-0.00032453030473358256,0.0003558979267877956,0.9851651589897763
533,plate07,2,F,0.008301565722632255,0.00011370980888045634,-2.464111042822733e-05,0.00022821054751387507,0.9971936192432229
534,plate07,2,G,0.013495931775769061,0.00016595213035283673,4.4664477386207386e-05,0.00033305822580303356,0.9977370982742363
535,plate07,2,H,0.022464726780607645,0.00014257075583744616,0.00029305061814005845,0.0002861333112217126,0.9993962081212004
536,plate07,3,A,0.0011196615719492463,0.00011262014890155825,-0.0003231289549364749,0.00022602375895695284,0.868238399624228
537,plate07,3,B,0.0021058912191878813,0.00013719148658427468,6.327578656302112e-05,0.00027533739010868826,0.9401491310257791
538,plate07,3,C,0.004026036532316549,0.0001435942307819643,2.6148199840599206e-05,0.0002881874269861004,0.981275899918688
539,plate07,3,D,0.005588407641264398,0.0001396556234841574,-6.0817695138887896e-05,0.00028028279468304314,0.9907192444781826
540,plate07,3,E,0.009042528381685714,0.00012120537717865222,0.0004286187229715065,0.0002432539252546369,0.9973122660049659
541,plate07,3,F,0.01254935449349504,0.00012641417091690613,0.00042619228228434324,0.00025370775203092477,0.9984802251460684
542,plate07,3,G,0.01776631889444553,0.00014545640122654144,0.00037147876515989113,0.0002919247961545096,0.9989955551142665
543,plate07,3,H,0.024422597947285962,0.00013767720433401434,7.240503471828141e-05,0.0002763121801256676,0.9995235398350245
544,plate07,4,A,0.0029699349652274297,0.0001390818770593646,0.00021582570601630225,0.0002791313166692464,0.9681520051367234
545,plate07,4,B,0.004789828744610499,0.00012706624959221068,0.00012043573813350501,0.000255016424699067,0.989553979252431
546,plate07,4,C,0.006436164626421205,0.00011973316408121468,0.00017376806401942784,0.00024029926716306787,0.9948356315776167
547,plate07,4,D,0.007290618910866428,0.00010524926500670387,0.0005338988473544726,0.00021123071147093107,0.9968836582126154
548,plate07,4,E,0.008806290191949156,0.0001081430827115862,0.00011066778001941332,0.00021703855992386665,0.9977430490158006
549,plate07,4,F,0.009849245317343552,0.00011068618786721101,-0.00015690757680273033,0.0002221424156388959,0.9981091796864354
550,plate07,4,G,0.010862001044362614,0.00014209833846623115,-0.00027111683310332717,0.00028518520513446587,0.9974394329463381
551,plate07,4,H,0.01358461766971556,0.00013927660007901767,-0.00036292817747475933,0.00027952213413159476,0.9984257677147336
552,plate07,5,A,0.0009078510851046016,0.00012888669968402335,-3.78996923208902e-05,0.0002586700151814311,0.7678557776217128
553,plate07,5,B,0.0017841484279877105,0.00014745196449413695,-0.00010197963002742122,0.00029592972992825895,0.9070669957416451
554,plate07,5,C,0.003395182526481631,0.00015492788133933738,-9.845022901671805e-05,0.0003109335769415713,0.9697122349562568
555,plate07,5,D,0.004977796426538193,0.00010754074331554131,8.176580621841902e-05,0.00021582956985999546,0.9930476236060831
556,plate07,5,E,0.008938524212330153,0.0001388768568932909,0.00036476562462293586,0.0002787198136590552,0.9963921418157351
557,plate07,5,F,0.013679032721823657,0.00012564198503017392,0.0001714463401794574,0.00025215797263213036,0.9987361366598778
558,plate07,5,G,0.022190408191635383,0.0001533259098354559,0.0005953852281644271,0.0003077184631805721,0.9992843831510018
559,plate07,5,H,0.03659252382989554,0.00012181576997297519,-0.0001152465101421104,0.00024447879297817386,0.9998337964179269
560,plate07,6,A,3.182356098227526e-05,0.00014610923055093005,0.00043747088424303244,0.00029323490253098324,0.003152680268261432
561,plate07,6,B,0.0006718989275633792,0.00016890460622469663,-0.00039033669562152254,0.0003389842308722575,0.5133711896641955
562,plate07,6,C,0.0010764426433697344,0.00015514819161917831,0.00015639482837723488,0.0003113756978375907,0.7624253151887502
563,plate07,6,D,0.001257697619477342,0.0001751681641696423,0.0004420904849999136,0.00035155492165937617,0.7746109588197145
564,plate07,6,E,0.0029711444919246228,0.00012709609032424512,0.0002713140953050168,0.0002550763468699429,0.9732854222748635
565,plate07,6,F,0.0044714705528855455,9.87427496581237e-05,0.0006910398395685502,0.00019817241855267007,0.9927383437837154
566,plate07,6,G,0.008529742003019326,0.00013646465669646244,8.49135576440632e-05,0.00027387850668693034,0.9961753255785408
567,plate07,6,H,0.016965889462608647,0.00013007201544864978,-0.00023552216947785498,0.0002610489515870489,0.99911910732678
568,plate07,7,A,0.0020461604840896763,0.0001657049002151326,-1.123459355145684e-05,0.0003325623741477466,0.9104364075120979
569,plate07,7,B,0.004077192656795125,9.774464635151854e-05,-7.987430504371071e-05,0.00019616934074259557,0.9914527309728836
570,plate07,7,C,0.00692913786559188,0.00017444494117473927,0.000348856471059376,0.000350103471330518,0.9905823984880758
571,plate07,7,D,0.00935386336989395,0.00013764316204967038,0.00043789060546758256,0.00027624383594902817,0.9967624973107324
572,plate07,7,E,0.014519536466043407,0.00014288894195332093,0.0005749180566367753,0.00028677193000481644,0.9985493837160173
573,plate07,7,F,0.01878543960799578,0.00014808113595333973,0.00010142376386004453,0.00029719216418041877,0.9990688031054556
574,plate07,7,G,0.023612471429271347,0.0001674240633649891,0.00034530014617428534,0.00033601287672310666,0.999246441190081
575,plate07,7,H,0.029751726825005487,0.00015160009192052512,-8.35730110604338e-06,0.00030425043054707775,0.9996107275407113
576,plate07,8,A,0.0006333435362788187,0.00014216595537165167,-3.997399396444175e-05,0.00028532091226009156,0.569542703483136
577,plate07,8,B,0.001169468078136485,0.00012146387165664275,0.00019159343560891292,0.00024377273745730305,0.860724994428119
578,plate07,8,C,0.002527864370558834,0.00011750263483553791,-0.00026734405257290825,0.00023582270754476587,0.9686074380234958
579,plate07,8,D,0.003307531073475635,0.00014217448580685697,0.0003244222958501356,0.00028533803323246897,0.9730316923759097
580,plate07,8,E,0.006454573574821005,0.00010141376838019085,-0.00020545263769010115,0.00020353306835458435,0.996310691404513
581,plate07,8,F,0.009622384264625484,0.00014913121536364076,9.43028869279079e-05,0.00029930009492576626,0.9964099371318919
582,plate07,8,G,0.016099411193870525,0.0001433281752773092,0.00018127357404538612,0.0002876535480707782,0.9988125391527863
583,plate07,8,H,0.02737449675991405,0.00013954919539382662,-0.00034711418530186753,0.00028006909503541593,0.999610341601616
584,plate07,9,A,0.004388915382651235,0.00013661352839055443,0.0006354514301178598,0.00027417743107691214,0.9856748917015381
585,plate07,9,B,0.008338693452945526,0.00019522663330668767,0.000968525950120403,0.0003918114081173679,0.9918451264697092
586,plate07,9,C,0.014402964707807216,0.00012068958301592007,0.0015298117083879723,0.0002422187770885379,0.9989478686149987
587,plate07,9,D,0.019236194451718376,0.00018779964808114826,0.0016426780871640911,0.00037690576453993166,0.9985723491199966
588,plate07,9,E,0.028482938768326166,0.00021636127105907673,0.0013401322055127827,0.0004342276819582704,0.9991352213361321
589,plate07,9,F,0.03499036231528262,0.00012750567406768639,0.0008091398710602004,0.00025589840268786846,0.9998008560304902
590,plate07,9,G,0.042310042316252364,0.00021476707875199444,0.000361347684276139,0.0004310283692562218,0.9996136572973379
591,plate07,9,H,0.049376739558154484,0.00017489452874737063,8.50092070233819e-05,0.00035100545674745094,0.9998118431676096
592,plate07,10,A,0.0003581928777496026,0.00012675128662399153,-0.00026469573063657957,0.00025438434506851117,0.34742878766406204
593,plate07,10,B,0.0002980916785276259,0.00012586051606967359,4.9029221708045966e-05,0.00025259660246690856,0.27217877150818026
594,plate07,10,C,0.0009691195324116048,0.00013288229680460468,-0.0003305616745101457,0.00026668901574015833,0.780022625270723
595,plate07,10,D,0.0010483491715325413,0.0001497285166130199,0.0002505236078124743,0.00030049864572719096,0.7657104473075907
596,plate07,10,E,0.0020954409920631786,0.00011553181803061947,5.167591761579113e-05,0.00023186732108150141,0.9563907296882016
597,plate07,10,F,0.0031563668716694626,9.427073005911786e-05,0.000196441978599749,0.00018919727195572478,0.9867962483055128
598,plate07,10,G,0.005795430005537869,0.00010973334502423347,-0.0003413039429631289,0.00022023007422803536,0.9946510566929085
599,plate07,10,H,0.010542452599811625,0.00015117678107165415,-0.00010156596490420456,0.00030340519548513863,0.9969250273336456
600,plate07,11,A,5.5608721621997265e-05,0.0001375244104110806,0.0003157095872081585,0.0002760055364590516,0.01078268118609027
601,plate07,11,B,0.0005968721502174485,0.00011392260289045486,-0.00015764201745750844,0.0002286377294342488,0.6466433663055837
602,plate07,11,C,0.0008476165428940001,0.00011292586588068362,0.00020475148411165046,0.0002266373164761341,0.7897374308093901
603,plate07,11,D,0.0017100589449019139,9.08865064908539e-05,-0.00042192395156478106,0.00018240528266766403,0.9593513980075049
604,plate07,11,E,0.0031828600701641766,0.00015540030705989095,-0.0003414411659954104,0.0003118816824300725,0.9654775209500089
605,plate07,11,F,0.004564861745586235,9.882885046443544e-05,9.740905737140307e-05,0.00019834524570706374,0.993018306992321
606,plate07,11,G,0.008354772484418503,0.00011987170565668551,-8.589376375466831e-05,0.00024057738423737487,0.9969216589457022
607,plate07,11,H,0.016713083392739615,0.000138926707502357,-0.00013568637596123552,0.0002788197745622943,0.9989646226719945
